86594569
98367547
24266838
72239326
85866543
87789532
37333888
88987938
45276984
34563995
26448898
27647885
53765467
66763347
62648338
23533992
72447752
54599427
88496682
23834758
86399672
64496962
96388587
27994578
96773883
27467685
26535935
56298689
36266628
59543852
24473736
56676435
66339268
83578832
22376295
32749459
66569899
46922589
65937656
77728687
68733579
48598593
66497627
49392589
89955526
22837462
26529544
84629999
67423572
48674428
77432836
97384498
39694684
85766522
64839727
54594782
42423379
93747867
72886968
75932432
92456693
85445235
25282626
44693522
84493755
84435977
26853272
42628442
92234462
28424286
49896595
59955224
86528382
76776634
78669834
55864538
53854274
34588284
55986784
34764239
45855464
56728483
96975974
26584353
66272935
93532284
12345678
68886776
34667847
86892835
46889377
46327423
43843465
89738224
63578995
99568572
48397254
57493852
33633742
54679353
83636343
54952896
76544567
53384743
48494358
82273574
73963389
46663389
54655795
26788975
32224977
27593256
78758842
66288567
34258378
27656723
77936844
75639668
22829482
73344459
32372956
63535427
82549272
73852594
56986794
34633938
27337443
38568987
75654422
47277445
92464845
83286427
83352545
64589558
22869267
37727537
48899622
94344764
97227335
29592564
74434682
88477857
89384637
29673434
83733372
76487688
75337476
27387265
75458342
46474843
34993536
47272793
82385978
45554327
75594435
62587747
64598249
24842453
34362494
43727682
86253754
54375498
43244282
63975726
88929267
99572329
65277745
93924939
34885655
92746973
74899992
35729874
43673995
64696867
78573464
44566662
22636766
36942247
79572427
55274875
33726677
77898456
49746398
22222222
43832278
86597783
43675338
63972889
86886444
53927786
27938927
25855532
58444657
67829936
73437628
33823553
27342747
32974267
39568584
29937853
93446229
79432683
37598978
78447424
38697536
58948635
84933355
73532986
69352838
67842567
48788866
34449379
97748752
73854775
66765275
53845262
84922736
79957994
33228359
45792779
79345978
74227285
48438266
43696483
99377287
27757247
62768942
46332286
57322423
43247928
44338499
34295448
66324546
28997664
73862423
65788456
62357722
47382844
68944247
64956829
59242536
85827725
66846496
69955684
78578853
99492784
94574228
62596939
26654464
95249279
54377482
38868668
27798885
44252372
48957855
46259828
68729543
45788246
92654685
66378537
68779362
64829362
65389577
83849632
58376458
69885326
57856275
85779892
36796226
25926798
86374282
93686388
62982723
65844732
79556668
94556654
56563359
56278362
73746558
55238445
42555278
45742346
87534222
37399799
47787649
54384349
79424336
29792997
68277243
73827555
97746873
96887525
43834454
79894678
78954837
27345698
98272734
68979735
67947643
68322364
57794249
29237344
48347524
22682227
99389934
92544254
72842294
34429855
35998895
75495429
34333787
66936597
97554429
48426483
29927453
34987274
37837268
96799366
77933435
87887849
96869576
92833967
92626428
99685353
78994264
28369787
48858334
44225572
74797275
86268456
55884492
54468979
44449333
75228884
83399526
26925467
28383579
77449234
72452988
42999526
77562857
67597864
99428692
46788544
57689376
29465978
45273657
85962896
72435986
94353433
64945999
36963253
72386966
92552666
66883523
25794465
46673689
57282462
59839677
76434674
59924628
64298394
87585662
27467964
43476325
38226799
93578526
54829454
58449656
39822458
39648975
36686466
93867968
86475477
34257688
78495867
45387229
63577728
34586286
52343684
76395472
77766339
66472347
26878833
96883789
93647847
25538596
57639832
84976252
58424545
67979675
64565655
55785383
62948669
95782886
97459594
74835465
97954733
58757444
62565472
32693353
84992943
78698926
55663524
29829428
85769245
34283585
99947633
95248394
22857692
74285674
42682375
36855642
76599983
86567562
78675575
83727544
96666697
57853296
32477929
66755355
42724675
68299888
57982346
53968657
85326249
67439884
72322438
98364963
95574593
85467925
78322383
65496876
96998785
96774899
35634393
97652468
46636446
63423267
25249954
33562673
79364438
46875953
44644972
59437726
65793622
34573432
92465532
67255589
73379477
74663746
96332539
52258669
92589962
83275497
49562722
29286374
49335595
58672786
35444684
45698655
46978346
44543676
34622572
44822977
38836794
47889683
52442578
69486547
77869265
98398889
86447889
82997743
28622756
69956734
96338548
57328639
75975633
63973623
69237559
27829849
96537299
89354577
32246894
98442534
44324473
62853376
64326534
37243322
87488777
67894583
96649254
22379472
99397547
33823597
59764745
56698992
85235...
